49134
4408
12368
51445
35784
22023
20840
30158
24950
32292
15610
34253
63979
57572
48383
43631
39060
57985
2706
52637
3434
55949
3647
21605
16294
38887
61475
27574
29633
11343
10251
12093
41338
30383
49143
49655
29295
10919
49021
8081
30076
31230
11378
25491
54972
45569
55198
520
30217
65317
25264
23192
36484
36206
55860
46539
42745
38841
41588
2592
9639
58350
50138
28220
26506
8733
16938
21765
31985
43288
46294
12836
55339
57459
56588
61305
4248
5686
15163
20661
61926
37395
24752
34808
3498
294
54887
32503
59992
10268
20109
49745
18179
32404
34531
17041
9339
35242
52541
54739
54187
40280
47398
18697
64444
195
5254
64981
49578
12565
31967
19676
11272
21788
22142
53801
53688
37473
50600
13326
30434
20007
34625
2858
41310
62223
25946
9763
27303
21036
19475
11126
608
25957
35683
29064
56967
7241
59896
1939
32656
64862
55238
15084
51940
3995
17146
10742
14430
33589
31672
6930
41753
33281
53441
41023
19904
1764
29946
529
15070
29984
4656
54433
5199
17490
44133
61713
36547
39074
4387
46260
8372
12369
41796
24062
31874
7400
31881
36170
3253
14005
26228
24253
38166
53648
21101
45282
33933
43556
45420
3029
47069
18325
15545
13542
50516
42584
34456
58527
4923
13033
37558
53206
13993
11776
1457
24949
31862
5064
26775
10481
13023
40323
62465
19045
52677
17453
13721
47130
25182
42039
15795
56165
7885
57892
24711
43772
18429
54756
45731
14621
14604
46052
29085
8878
48515
36514
25684
15268
40669
3810
49192
33628
10396
21344
22002
7901
55586
65365
12633
32174
8664
4533
41618
14936
33980
27101
1322
61438
8354
41393
55569
31938
50780
42293
48455
48018
32819
46306
4170
2411
24657
5678
57693
12385
56039
60866
8566
91
41837
44127
49994
49185
19084
13107
35323
11265
55572
47677
27894
16302
38279
29651
45310
2424
37398
34703
37104
7159
45533
62772
45170
25309
31467
10600
44546
36350
20622
64352
19582
32086
62313
40742
38236
1977
21708
3353
30581
44699
44311
61470
10768
51640
13293
22987
39870
2106
163
2536
32751
53232
15414
52776
59480
43233
32822
27525
30484
2588
43470
13514
2028
11879
35222
15813
37022
8828
17029
22639
64906
46434
16473
21927
114
60400
59954
32155
23943
52603
26022
49575
61182
61112
17117
45494
48156
52179
63534
61214
30029
29007
62701
24057
63160
61232
25701
10559
7429
51510
44316
17590
61485
56250
21051
12100
38138
46491
14058
36823
29471
3715
51891
58330
55935
1068
23475
57240
12638
2855
34101
41962
20144
50840
22481
22751
16924
12346
43387
42808
3639
60792
51273
35507
5158
20815
14433
59793
26990
13224
60661
41652
33922
28628
39688
32616
35280
58194
64570
53397
44329
11787
36114
58665
10511
9257
3742
59642
2753
57816
46051
52390
48472
12444
55786
20549
52091
32569
47666
10321
42384
1531
3231
63007
29836
60555
46158
47168
44940
57817
39911
45783
36571
46342
59112
10525
51607
9511
48972
42985
46819
30729
51021
59775
53199
967
42724
23863
16093
58906
12621
13919
11549
48553
12726
13515
36261
38594
23627
33679
30424
64668
2948
30526
34831
33953
3634
20853
16731
22631
41542
43770
40321
34651
59462
46448
11027
61674
21755
8462
33805
46406
28421
22172
33502
33853
5797
41542
19308
12531
39840
25836
64945
25891
33157
61356
12680
35074
23227
7364
42716
15417
65533
22972
36481
31436
22898
48523
38261
36036
16811
2529
16713
39647
59099
30184
63664
35832
44173
47623
16732
8280
32131
44177
48174
63523
56164
32351
23836
53904
48536
14576
23701
17186
33675
62870
47072
58027
15814
37629
33769
37348
19970
44072
19897
19706
40441
48654
44173
51475
18531
49030
40571
14415
46200
46730
22739
7432
37882
54844
42139
43928
33571
30375
25731
24992
57924
21074
26584
56444
57284
15035
38098
42157
8059
15243
52946
19395
24489
35257
53912
29699
25860
48967
52739
57017
9227
43747
27090
36459
61147
19494
46524
9962
39415
40398
16560
42223
22614
16310
11275
5081
7601
24121
14279
16469
54745
54459
21188
23706
46801
14694
52262
54460
31316
33010
46346
2402
53131
16099
41821
35743
55470
14670
56068
42879
57061
25332
57534
21191
31329
9230
52654
56405
31444
48408
612
19689
46588
6205
26598
15928
11374
26964
35783
55020
26966
60001
3373
37979
44482
63285
62186
62252
64646
61059
16820
57627
60915
64966
7279
4643
56335
18376
43697
58459
21930
24540
12814
56910
18883
38464
12572
5586
19213
2167
50769
59206
64836
21429
23610
29028
57779
27422
1922
50773
36416
47240
31918
53738
63570
57469
15152
40188
2997
20987
60397
276
49958
2971
56002
40004
29918
35695
30532
5432
59203
53355
28907
39359
430
19556
2268
12360
55374
2225
50949
38295
18905
30051
50277
13610
8027
4181
2211
31506
25314
30211
6215
37702
36584
30381
17113
21350
65198
28352
47004
55803
11562
40550
3093
39120
28047
20818
3138
24640
52015
55804
12410
22060
10187
15024
29632
61126
54408
40696
63016
17832
11267
53773
34017
1337
57462
48741
60377
12080
4379
53322
44850
1417
62170
11561
15283
23992
9066
62425
49354
19032
10327
52032
11095
8337
18018
36085
16907
61435
48749
50426
51564
62540
40184
32424
8769
57750
1401
40380
51257
7419
11376
2324
58184
36437
53218
45041
11288
12738
50787
61924
19882
34000
24292
61980
50120
22527
34847
42992
47580
5369
41651
7488
22505
45716
9904
53086
9851
840
57587
58630
7726
55302
4149
15336
42691
18936
31172
52843
17422
63617
9304
48894
12191
57211
37070
21958
21501
47862
26376
22506
27903
31623
54547
33146
53114
48865
39360
17470
5210
24164
32639
45733
38773
7793
6408
10021
7313
12367
58734
33189
41952
17174
46335
65121
24207
10531
43421
47161
6771
56507
32010
58380
25951
53924
43852
1937
3040
53797
40961
44147
40844
57861
20611
60602
65052
36677
37752
18322
46869
55200
44465
20994
61800
11378
44537
28172
36923
19950
23078
57445
48443
34778
16716
35247
21234
8998
30244
40989
31053
37024
2855
63957
60877
62255
33906
31700
9806
45426
33759
52269
46226
43454
16065
30248
61715
32405
11251
49875
6113
20154
31047
58727
14922
35239
31375
2222
63138
37217
32602
54736
1005
33698
30812
17784
46349
182
4096
50856
34072
41938
25402
56065
6290
21029
18091
21236
27631
41170
61628
62835
58094
37251
